%YAML:1.0
Project - Action Detection using HMM: Observation Sequence
Observation Seq: 12
Seq: [ 2, 2, 2, 2, 2, 7, 7, 0, 0, 0, 0, 0, 0, 0, 0, 0, 0, 0, 0, 0, 7, 7,
    7, 7, 7, 6, 6, 6, 6, 6, 6, 6, 6, 6, 6, 6, 6, 6, 6, 6 ]
