%YAML:1.0
Project - Action Detection using HMM: Observation Sequence
Observation Seq: 18
Seq: [ 2, 2, 2, 2, 2, 0, 0, 0, 0, 0, 0, 0, 0, 0, 0, 0, 0, 0, 0, 0, 7, 7,
    7, 7, 7, 3, 3, 3, 3, 3, 3, 3, 3, 3, 3, 3, 3, 7, 1, 1 ]
