%YAML:1.0
Project - Action Detection using HMM: Observation Sequence
Observation Seq: 17
Seq: [ 2, 2, 2, 2, 2, 5, 5, 5, 5, 5, 5, 5, 5, 5, 5, 5, 5, 5, 12, 12, 16,
    12, 12, 12, 12, 12, 12, 12, 12, 12, 12, 12, 12, 12, 12, 12, 12, 12,
    12, 12 ]
