%YAML:1.0
Project - Action Detection using HMM: Observation Sequence
Observation Seq: 19
Seq: [ 2, 2, 2, 2, 2, 10, 10, 10, 12, 12, 5, 5, 5, 5, 5, 5, 5, 5, 5, 5,
    5, 5, 5, 5, 12, 12, 12, 12, 12, 12, 2, 12, 12, 12, 12, 12, 12, 12,
    12, 12 ]
