%YAML:1.0
Project - Action Detection using HMM: Observation Sequence
Observation Seq: 22
Seq: [ 2, 2, 2, 2, 2, 7, 7, 12, 12, 10, 10, 10, 10, 10, 10, 10, 10, 10,
    10, 12, 10, 10, 12, 12, 12, 12, 12, 12, 12, 12, 2, 2, 12, 12, 12, 12,
    12, 12, 12, 12 ]
