%YAML:1.0
Project - Action Detection using HMM: Observation Sequence
Observation Seq: 24
Seq: [ 2, 2, 2, 2, 2, 1, 1, 1, 1, 1, 1, 10, 1, 10, 10, 10, 10, 10, 12,
    12, 12, 12, 12, 12, 12, 12, 12, 12, 12, 2, 2, 2, 2, 2, 2, 12, 12, 12,
    12, 12 ]
