%YAML:1.0
Project - Action Detection using HMM: Observation Sequence
Observation Seq: 1
Seq: [ 2, 2, 2, 2, 2, 5, 5, 5, 5, 5, 10, 10, 10, 5, 5, 5, 5, 5, 12, 12,
    12, 12, 12, 12, 12, 12, 12, 12, 12, 12, 12, 12, 12, 12, 12, 12, 12,
    12, 12, 12 ]
