%YAML:1.0
Project - Action Detection using HMM: Observation Sequence
Observation Seq: 23
Seq: [ 2, 2, 2, 2, 2, 7, 5, 5, 5, 9, 10, 10, 7, 5, 10, 10, 10, 10, 5, 5,
    5, 5, 5, 5, 5, 5, 5, 5, 5, 2, 2, 2, 2, 2, 2, 5, 5, 5, 5, 2 ]
