%YAML:1.0
Project - Action Detection using HMM: Observation Sequence
Observation Seq: 16
Seq: [ 2, 2, 2, 2, 2, 1, 1, 1, 1, 1, 1, 1, 1, 1, 1, 12, 1, 1, 12, 12, 12,
    12, 12, 12, 12, 12, 12, 12, 12, 12, 2, 2, 12, 12, 12, 12, 12, 12, 12,
    12 ]
