%YAML:1.0
Project - Action Detection using HMM: Observation Sequence
Observation Seq: 21
Seq: [ 2, 2, 2, 2, 2, 10, 10, 10, 10, 10, 10, 10, 10, 10, 10, 10, 10, 10,
    10, 10, 10, 10, 10, 5, 5, 12, 12, 12, 12, 12, 12, 12, 12, 12, 12, 12,
    12, 12, 12, 12 ]
