%YAML:1.0
Project - Action Detection using HMM: Observation Sequence
Observation Seq: 4
Seq: [ 2, 2, 2, 2, 2, 5, 5, 5, 5, 5, 10, 10, 10, 10, 10, 10, 10, 10, 12,
    12, 12, 12, 12, 12, 12, 12, 12, 12, 12, 12, 12, 12, 12, 12, 12, 12,
    12, 12, 12, 12 ]
