%YAML:1.0
Project - Action Detection using HMM: Observation Sequence
Observation Seq: 5
Seq: [ 2, 2, 2, 2, 2, 5, 5, 5, 5, 5, 5, 5, 10, 10, 10, 10, 10, 10, 16,
    16, 16, 16, 16, 16, 16, 16, 12, 12, 12, 12, 12, 12, 12, 12, 12, 12,
    12, 12, 12, 12 ]
