%YAML:1.0
Project - Action Detection: Mesh Vector
FrameCount: [ 40 ]
Training example : 18
frame1: [ 0., 0., 0., 0., 0., 0., 0., 0., 0., 0., 0., 0., 0., 0., 0., 0.,
    0., 0., 0., 0., 0., 0., 0., 0., 0., 0., 0., 0., 0., 0., 0., 0., 0.,
    0., 0., 0. ]
frame2: [ 0., 0., 0., 0., 0., 0., 0., 0., 0., 0., 0., 0., 0., 0., 0., 0.,
    0., 0., 0., 0., 0., 0., 0., 0., 0., 0., 0., 0., 0., 0., 0., 0., 0.,
    0., 0., 0. ]
frame3: [ 0., 0., 0., 0., 0., 0., 0., 0., 0., 0., 0., 0., 0., 0., 0., 0.,
    0., 0., 0., 0., 0., 0., 0., 0., 0., 0., 0., 0., 0., 0., 0., 0., 0.,
    0., 0., 0. ]
frame4: [ 0., 0., 0., 0., 0., 0., 0., 0., 0., 0., 0., 0., 0., 0., 0., 0.,
    0., 0., 0., 0., 0., 0., 0., 0., 0., 0., 0., 0., 0., 0., 0., 0., 0.,
    0., 0., 0. ]
frame5: [ 0., 0., 0., 0., 0., 0., 0., 0., 0., 0., 0., 0., 0.,
    1.7578125000000000e-02, 1.7480468750000000e-01,
    4.6875000000000000e-02, 6.2500000000000000e-02,
    1.2109375000000000e-01, 0., 0., 4.1992187500000000e-02,
    8.7890625000000000e-02, 0., 0., 0., 0., 0., 0., 0., 0., 0., 0., 0.,
    0., 0., 0. ]
frame6: [ 0., 0., 0., 0., 0., 0., 0., 3.7109375000000000e-02, 0., 0., 0.,
    0., 0., 2.7636718750000000e-01, 3.7695312500000000e-01,
    2.7441406250000000e-01, 3.8281250000000000e-01,
    4.3359375000000000e-01, 0., 0., 1.1523437500000000e-01,
    2.9687500000000000e-01, 2.0214843750000000e-01,
    5.0781250000000000e-02, 0., 0., 0., 0., 0., 0., 0., 0., 0., 0., 0.,
    0. ]
frame7: [ 0., 0., 0., 0., 0., 0., 0., 2.3437500000000000e-02, 0., 0., 0.,
    0., 0., 2.9492187500000000e-01, 3.5839843750000000e-01,
    3.0273437500000000e-01, 5.3027343750000000e-01,
    2.1386718750000000e-01, 0., 0., 1.3769531250000000e-01,
    2.6367187500000000e-01, 2.1191406250000000e-01,
    1.4062500000000000e-01, 0., 0., 0., 0., 0., 0., 0., 0., 0., 0., 0.,
    0. ]
frame8: [ 0., 0., 0., 0., 0., 0., 0., 1.4648437500000000e-02, 0., 0.,
    2.0507812500000000e-02, 0., 0., 2.9589843750000000e-01,
    2.7734375000000000e-01, 3.5156250000000000e-01,
    4.9511718750000000e-01, 1.4550781250000000e-01, 0., 0.,
    7.4218750000000000e-02, 2.2265625000000000e-01,
    1.8359375000000000e-01, 1.2890625000000000e-01, 0., 0., 0., 0., 0.,
    0., 0., 0., 0., 0., 0., 0. ]
frame9: [ 0., 0., 0., 0., 0., 1.1718750000000000e-02, 0.,
    6.8359375000000000e-03, 0., 7.8125000000000000e-03,
    1.2695312500000000e-02, 5.8593750000000000e-03,
    2.9296875000000000e-03, 2.9492187500000000e-01,
    2.0703125000000000e-01, 4.1503906250000000e-01,
    3.3984375000000000e-01, 1.8457031250000000e-01, 0., 0.,
    2.9296875000000000e-02, 1.8554687500000000e-01,
    1.4843750000000000e-01, 1.0351562500000000e-01, 0., 0., 0., 0., 0.,
    4.1015625000000000e-02, 0., 0., 0., 0., 0., 1.7578125000000000e-02 ]
frame10: [ 0., 0., 0., 0., 0., 8.7890625000000000e-03, 0.,
    5.8593750000000000e-03, 0., 2.0507812500000000e-02, 0., 0.,
    9.7656250000000000e-03, 2.5976562500000000e-01,
    1.7285156250000000e-01, 4.9511718750000000e-01,
    2.3730468750000000e-01, 2.2265625000000000e-01, 0., 0.,
    4.5898437500000000e-02, 2.0703125000000000e-01,
    1.3964843750000000e-01, 6.5429687500000000e-02, 0., 0., 0., 0., 0.,
    0., 0., 0., 0., 0., 0., 0. ]
frame11: [ 0., 0., 0., 0., 0., 8.7890625000000000e-03, 0., 0.,
    4.5898437500000000e-02, 9.7656250000000000e-04, 0.,
    8.7890625000000000e-03, 1.8554687500000000e-02,
    2.4023437500000000e-01, 3.0273437500000000e-01,
    5.6738281250000000e-01, 3.2128906250000000e-01,
    2.4707031250000000e-01, 0., 0., 7.2265625000000000e-02,
    2.5195312500000000e-01, 1.6601562500000000e-01,
    8.4960937500000000e-02, 0., 0., 0., 0., 0., 1.7578125000000000e-02,
    0., 0., 0., 0., 0., 8.7890625000000000e-03 ]
frame12: [ 0., 0., 0., 0., 0., 2.3437500000000000e-02, 0.,
    1.5625000000000000e-02, 3.3203125000000000e-02, 0., 0.,
    8.7890625000000000e-03, 2.5390625000000000e-02,
    2.4218750000000000e-01, 4.4824218750000000e-01,
    5.1074218750000000e-01, 2.4414062500000000e-01,
    2.5390625000000000e-01, 0., 0., 8.3007812500000000e-02,
    2.3535156250000000e-01, 1.4746093750000000e-01,
    6.4453125000000000e-02, 0., 0., 0., 0., 0., 5.5664062500000000e-02,
    0., 0., 0., 0., 0., 1.7578125000000000e-02 ]
frame13: [ 0., 0., 0., 0., 0., 4.3945312500000000e-02, 0.,
    2.1484375000000000e-02, 0., 1.9531250000000000e-02, 0.,
    2.0507812500000000e-02, 2.3437500000000000e-02,
    2.7246093750000000e-01, 4.5214843750000000e-01,
    3.9941406250000000e-01, 1.6503906250000000e-01,
    2.4902343750000000e-01, 0., 0., 3.9062500000000000e-02,
    1.5429687500000000e-01, 9.4726562500000000e-02,
    3.9062500000000000e-02, 0., 0., 0., 0., 0., 7.6171875000000000e-02,
    0., 0., 0., 0., 0., 4.6875000000000000e-02 ]
frame14: [ 0., 0., 0., 0., 0., 3.2226562500000000e-02, 0.,
    1.7578125000000000e-02, 9.7656250000000000e-03,
    7.0312500000000000e-02, 0., 1.4648437500000000e-02,
    5.8593750000000000e-03, 2.2558593750000000e-01,
    4.3554687500000000e-01, 2.5292968750000000e-01,
    1.4453125000000000e-01, 1.6992187500000000e-01, 0., 0.,
    8.3007812500000000e-02, 1.5429687500000000e-01,
    5.0781250000000000e-02, 2.9296875000000000e-02, 0., 0., 0., 0., 0.,
    4.3945312500000000e-02, 0., 0., 0., 0., 0., 1.7578125000000000e-02 ]
frame15: [ 0., 0., 0., 0., 0., 8.7890625000000000e-03, 0.,
    7.8125000000000000e-03, 4.2968750000000000e-02,
    9.9609375000000000e-02, 0., 0., 5.2734375000000000e-02,
    2.3339843750000000e-01, 4.3652343750000000e-01,
    2.1484375000000000e-01, 1.7675781250000000e-01,
    1.5136718750000000e-01, 0., 0., 1.2597656250000000e-01,
    1.9824218750000000e-01, 5.2734375000000000e-02,
    6.3476562500000000e-02, 0., 0., 0., 0., 0., 8.7890625000000000e-03,
    0., 0., 0., 0., 0., 0. ]
frame16: [ 0., 0., 0., 0., 0., 0., 0., 3.9062500000000000e-02,
    8.3007812500000000e-02, 9.1796875000000000e-02, 0., 0.,
    8.3984375000000000e-02, 2.7246093750000000e-01,
    4.2871093750000000e-01, 2.1679687500000000e-01,
    1.9042968750000000e-01, 1.7968750000000000e-01, 0., 0.,
    1.1718750000000000e-01, 1.7578125000000000e-01,
    5.7617187500000000e-02, 5.8593750000000000e-02, 0., 0., 0., 0., 0.,
    8.7890625000000000e-03, 0., 0., 0., 0., 0., 8.7890625000000000e-03 ]
frame17: [ 0., 0., 0., 0., 0., 0., 0., 4.2968750000000000e-02,
    1.2695312500000000e-01, 8.3007812500000000e-02, 0., 0.,
    1.1035156250000000e-01, 2.6562500000000000e-01,
    4.5800781250000000e-01, 2.2949218750000000e-01,
    2.4414062500000000e-01, 1.6406250000000000e-01, 0., 0.,
    1.2011718750000000e-01, 1.6699218750000000e-01,
    7.4218750000000000e-02, 5.5664062500000000e-02, 0., 0., 0., 0., 0.,
    0., 0., 0., 0., 0., 0., 0. ]
frame18: [ 0., 0., 0., 0., 0., 0., 0., 3.6132812500000000e-02,
    1.7187500000000000e-01, 7.5195312500000000e-02, 0., 0.,
    1.0156250000000000e-01, 2.5195312500000000e-01,
    4.8339843750000000e-01, 2.4902343750000000e-01,
    2.7734375000000000e-01, 2.3828125000000000e-01, 0., 0.,
    1.0351562500000000e-01, 1.9140625000000000e-01,
    7.2265625000000000e-02, 4.0039062500000000e-02, 0., 0., 0., 0., 0.,
    0., 0., 0., 0., 0., 0., 0. ]
frame19: [ 0., 0., 0., 0., 0., 0., 0., 1.0742187500000000e-02,
    1.9433593750000000e-01, 8.0078125000000000e-02, 0., 0.,
    5.9570312500000000e-02, 2.7929687500000000e-01,
    4.1992187500000000e-01, 2.3339843750000000e-01,
    3.5351562500000000e-01, 3.4667968750000000e-01, 0., 0.,
    9.4726562500000000e-02, 1.7089843750000000e-01,
    5.5664062500000000e-02, 2.6367187500000000e-02, 0., 0., 0., 0., 0.,
    0., 0., 0., 0., 0., 0., 0. ]
frame20: [ 0., 0., 0., 0., 0., 0., 0., 2.3437500000000000e-02,
    2.2070312500000000e-01, 8.3984375000000000e-02, 0., 0.,
    3.4179687500000000e-02, 3.1835937500000000e-01,
    4.4335937500000000e-01, 2.8125000000000000e-01,
    4.4042968750000000e-01, 4.0234375000000000e-01, 0., 0.,
    9.4726562500000000e-02, 1.8261718750000000e-01,
    5.4687500000000000e-02, 1.8554687500000000e-02, 0., 0., 0., 0., 0.,
    0., 0., 0., 0., 0., 0., 0. ]
