%YAML:1.0
Project - Action Detection using HMM: Model Parameters
init: [ 1.0267529833789257e-02, 3.0550863099564429e-01,
    3.1773954068771160e-01, 9.2597611174208699e-02,
    2.7388668730864618e-01 ]
A: [ 1.0267529833789257e-02, 3.0550863099564429e-01,
    3.1773954068771160e-01, 9.2597611174208699e-02,
    2.7388668730864618e-01, 1.0267529833789257e-02,
    3.0550863099564429e-01, 3.1773954068771160e-01,
    9.2597611174208699e-02, 2.7388668730864618e-01,
    1.0267529833789257e-02, 3.0550863099564429e-01,
    3.1773954068771160e-01, 9.2597611174208699e-02,
    2.7388668730864618e-01, 1.0267529833789257e-02,
    3.0550863099564429e-01, 3.1773954068771160e-01,
    9.2597611174208699e-02, 2.7388668730864618e-01,
    1.0267529833789257e-02, 3.0550863099564429e-01,
    3.1773954068771160e-01, 9.2597611174208699e-02,
    2.7388668730864618e-01 ]
B: [ 3.0346052218683710e-03, 9.0294170258387416e-02,
    9.3909059430426003e-02, 2.7367555678003620e-02,
    8.0948191528196795e-02, 9.8049112420292711e-02,
    5.8706690365644763e-02, 6.6480924490523383e-02,
    4.0650130653154447e-02, 6.5106970564840272e-02,
    6.2558550003354974e-02, 5.1621196762086357e-03,
    6.6036874918139282e-02, 5.3931358147160602e-02,
    3.4685066101294057e-02, 7.6630983359442434e-02,
    4.5361198764231565e-02, 3.1086438418830652e-02,
    3.0346052218683710e-03, 9.0294170258387416e-02,
    9.3909059430426003e-02, 2.7367555678003620e-02,
    8.0948191528196795e-02, 9.8049112420292711e-02,
    5.8706690365644763e-02, 6.6480924490523383e-02,
    4.0650130653154447e-02, 6.5106970564840272e-02,
    6.2558550003354974e-02, 5.1621196762086357e-03,
    6.6036874918139282e-02, 5.3931358147160602e-02,
    3.4685066101294057e-02, 7.6630983359442434e-02,
    4.5361198764231565e-02, 3.1086438418830652e-02,
    3.0346052218683710e-03, 9.0294170258387416e-02,
    9.3909059430426003e-02, 2.7367555678003620e-02,
    8.0948191528196795e-02, 9.8049112420292711e-02,
    5.8706690365644763e-02, 6.6480924490523383e-02,
    4.0650130653154447e-02, 6.5106970564840272e-02,
    6.2558550003354974e-02, 5.1621196762086357e-03,
    6.6036874918139282e-02, 5.3931358147160602e-02,
    3.4685066101294057e-02, 7.6630983359442434e-02,
    4.5361198764231565e-02, 3.1086438418830652e-02,
    3.0346052218683710e-03, 9.0294170258387416e-02,
    9.3909059430426003e-02, 2.7367555678003620e-02,
    8.0948191528196795e-02, 9.8049112420292711e-02,
    5.8706690365644763e-02, 6.6480924490523383e-02,
    4.0650130653154447e-02, 6.5106970564840272e-02,
    6.2558550003354974e-02, 5.1621196762086357e-03,
    6.6036874918139282e-02, 5.3931358147160602e-02,
    3.4685066101294057e-02, 7.6630983359442434e-02,
    4.5361198764231565e-02, 3.1086438418830652e-02,
    3.0346052218683710e-03, 9.0294170258387416e-02,
    9.3909059430426003e-02, 2.7367555678003620e-02,
    8.0948191528196795e-02, 9.8049112420292711e-02,
    5.8706690365644763e-02, 6.6480924490523383e-02,
    4.0650130653154447e-02, 6.5106970564840272e-02,
    6.2558550003354974e-02, 5.1621196762086357e-03,
    6.6036874918139282e-02, 5.3931358147160602e-02,
    3.4685066101294057e-02, 7.6630983359442434e-02,
    4.5361198764231565e-02, 3.1086438418830652e-02 ]
