%YAML:1.0
Project - Action Detection using HMM: Model Parameters
A: [ 7.5232440931795452e-01, 7.5689398141639802e-02,
    7.8592902949917054e-02, 2.5210022772905360e-02,
    6.8183266817605170e-02, 3.7774420485310165e-09,
    3.0895556891806952e-01, 3.2137221946931421e-01,
    9.2818726119977824e-02, 2.7685348171518293e-01,
    3.7608934688331172e-09, 3.0896274428854492e-01,
    3.2138094511007936e-01, 9.2799650675109507e-02,
    2.7685665616536936e-01, 4.8625848712102529e-09,
    3.0853908531232160e-01, 3.2086609950113887e-01,
    9.3926414437169162e-02, 2.7666839588679243e-01,
    3.8273889895480039e-09, 3.0893408627056479e-01,
    3.2134609661205754e-01, 9.2875838592331825e-02,
    2.7684397469765543e-01 ]
B: [ 1.0643758398868933e-01, 3.2617568066162376e-28,
    8.3760323321640096e-01, 0., 9.6179131289669028e-26,
    5.5051684036110167e-02, 4.4077841943613580e-26,
    7.3264826913822127e-13, 0., 9.9055633811057097e-28,
    9.0749875807937528e-04, 0., 0., 0., 0., 0., 0., 0.,
    6.7173478436448963e-01, 1.1173323171064153e-03,
    2.2328381185428251e-12, 0., 1.1061495313297998e-01,
    4.6147134919898933e-05, 1.5083986261471516e-01,
    2.4566435284073564e-02, 0., 3.3519923161891589e-03,
    3.7728492833286824e-02, 0., 0., 0., 0., 0., 0., 0.,
    6.7108547543433372e-01, 1.1196728327068041e-03,
    2.1494479908464310e-12, 0., 1.1084649454481867e-01,
    4.6054199100532776e-05, 1.5115583219039055e-01,
    2.4615303160796301e-02, 0., 3.3590130078070628e-03,
    3.7772154627895911e-02, 0., 0., 0., 0., 0., 0., 0.,
    7.0897614707315604e-01, 9.8336368200317281e-04,
    8.2292825423063024e-12, 0., 9.7361119440637356e-02,
    5.1937117582706830e-05, 1.3275409876087826e-01,
    2.1761773603972599e-02, 0., 2.9501306825657578e-03,
    3.5161429630980422e-02, 0., 0., 0., 0., 0., 0., 0.,
    6.7367731849496226e-01, 1.1103311525525279e-03,
    2.4861149100328997e-12, 0., 1.0992234298577139e-01,
    4.6426658726511020e-05, 1.4989470549134171e-01,
    2.4420231262819597e-02, 0., 3.3309913639584937e-03,
    3.7597652587378932e-02, 0., 0., 0., 0., 0., 0., 0. ]
