%YAML:1.0
Project - Action Detection using HMM: Model Parameters
A: [ 7.9560569197989628e-01, 6.3432624730079684e-02,
    6.6022167278389859e-02, 1.8203476149181504e-02,
    5.6736039862463214e-02, 1.2013518467057893e-03,
    3.0874085187260980e-01, 3.2117474897743054e-01,
    9.2289024107398393e-02, 2.7659402319584436e-01,
    1.2036594699111345e-03, 3.0875565028702651e-01,
    3.2119275451746415e-01, 9.2247412477889867e-02,
    2.7660052324771417e-01, 1.0549560862290650e-03,
    3.0781911981126098e-01, 3.2005486639458081e-01,
    9.4885744058334429e-02, 2.7618531364958138e-01,
    1.1943973357401555e-03, 3.0869633625566550e-01,
    3.2112059065674198e-01, 9.2414216925322035e-02,
    2.7657445882651477e-01 ]
B: [ 1.2592076669023803e-04, 0., 9.9984054580506587e-01,
    2.8533412600369112e-21, 2.6631940054136435e-05,
    6.6997281509238910e-21, 0., 0., 0., 6.4995978006758316e-06, 0.,
    4.1021597481681893e-22, 3.4990119313553688e-07,
    8.9776599441603833e-21, 3.3363305579577839e-19, 0.,
    5.1989209736668942e-08, 0., 2.7116051945063857e-01, 0.,
    3.4572808016686516e-08, 8.1485210778186063e-03,
    6.1430182928632587e-02, 1.1639938488576906e-03, 0., 0., 0.,
    2.8802809283910424e-01, 0., 1.1640627155351760e-03,
    1.9736945799584907e-02, 2.5609595130743765e-02,
    2.9567279875438479e-01, 0., 2.7885252881880603e-02, 0.,
    2.7027621213947245e-01, 0., 3.3270473288395820e-08,
    8.1604070246255791e-03, 6.1474496194670193e-02,
    1.1656777775138644e-03, 0., 0., 0., 2.8833329194814933e-01, 0.,
    1.1657586609606445e-03, 1.9756668493293845e-02,
    2.5646943526246385e-02, 2.9610371992994172e-01, 0.,
    2.7916791034662054e-02, 0., 3.2649684262751594e-01, 0.,
    1.0722620962960409e-07, 7.4188806486160221e-03,
    5.8460244808906589e-02, 1.0605422592345872e-03, 0., 0., 0.,
    2.6860256235171787e-01, 0., 1.0599422360749794e-03,
    1.8472673282192299e-02, 2.3316852632051254e-02,
    2.6921775409245075e-01, 0., 2.5893597835021005e-02, 0.,
    2.7382181060586219e-01, 0., 3.8464221712646605e-08,
    8.1127973663156147e-03, 6.1296178137447879e-02,
    1.1589324663074233e-03, 0., 0., 0., 2.8710852316221031e-01, 0.,
    1.1589654421573978e-03, 1.9677491810325954e-02,
    2.5497342820675506e-02, 2.9437763991371024e-01, 0.,
    2.7790279810754565e-02, 0. ]
