%YAML:1.0
Project - Action Detection: Mesh Vector
FrameCount: [ 40 ]
Training example : 1
frame1: [ 0., 0., 0., 0., 0., 0., 0., 0., 0., 0., 0., 0., 0., 0., 0., 0.,
    0., 0., 0., 0., 0., 0., 0., 0., 0., 0., 0., 0., 0., 0., 0., 0., 0.,
    0., 0., 0. ]
frame2: [ 0., 0., 0., 0., 0., 0., 0., 0., 0., 0., 0., 0., 0., 0., 0., 0.,
    0., 0., 0., 0., 0., 0., 0., 0., 0., 0., 0., 0., 0., 0., 0., 0., 0.,
    0., 0., 0. ]
frame3: [ 0., 0., 0., 0., 0., 0., 0., 0., 0., 0., 0., 0., 0., 0., 0., 0.,
    0., 0., 0., 0., 0., 0., 0., 0., 0., 0., 0., 0., 0., 0., 0., 0., 0.,
    0., 0., 0. ]
frame4: [ 0., 0., 0., 0., 0., 0., 0., 0., 0., 0., 0., 0., 0., 0., 0., 0.,
    0., 0., 0., 0., 0., 0., 0., 0., 0., 0., 0., 0., 0., 0., 0., 0., 0.,
    0., 0., 0. ]
frame5: [ 0., 0., 0., 0., 0., 0., 0., 0., 0., 0., 0., 0., 0.,
    8.7890625000000000e-03, 1.3378906250000000e-01,
    7.9101562500000000e-02, 0., 1.6601562500000000e-02, 0., 0.,
    7.0312500000000000e-02, 7.4218750000000000e-02,
    8.4960937500000000e-02, 3.6132812500000000e-02, 0., 0., 0., 0., 0.,
    0., 0., 0., 0., 0., 0., 0. ]
frame6: [ 0., 0., 0., 0., 0., 0., 0., 6.5429687500000000e-02,
    9.2773437500000000e-02, 9.7656250000000000e-04, 0., 0.,
    1.1718750000000000e-02, 1.4648437500000000e-01,
    5.8496093750000000e-01, 3.0371093750000000e-01,
    7.1289062500000000e-02, 8.7890625000000000e-02, 0.,
    5.7617187500000000e-02, 2.4902343750000000e-01,
    3.4472656250000000e-01, 1.8066406250000000e-01,
    1.6308593750000000e-01, 0., 0., 0., 0., 0., 0., 0., 0., 0., 0., 0.,
    0. ]
frame7: [ 0., 0., 0., 0., 0., 0., 0., 0., 1.6503906250000000e-01,
    9.7656250000000000e-03, 0., 0., 2.9296875000000000e-03,
    1.5332031250000000e-01, 5.2929687500000000e-01,
    2.5292968750000000e-01, 5.5664062500000000e-02,
    3.5156250000000000e-02, 0., 8.1054687500000000e-02,
    1.2011718750000000e-01, 1.7675781250000000e-01,
    9.5703125000000000e-02, 1.6406250000000000e-01, 0., 0., 0., 0., 0.,
    0., 0., 0., 0., 0., 0., 0. ]
frame8: [ 0., 0., 0., 0., 0., 0., 0., 0., 1.2890625000000000e-01,
    1.3183593750000000e-01, 0., 0., 1.0742187500000000e-02,
    1.6992187500000000e-01, 5.0195312500000000e-01,
    2.2070312500000000e-01, 1.7578125000000000e-02,
    2.9296875000000000e-02, 0., 8.9843750000000000e-02,
    5.1757812500000000e-02, 1.1816406250000000e-01,
    8.8867187500000000e-02, 1.0058593750000000e-01, 0., 0., 0., 0., 0.,
    0., 0., 0., 0., 0., 0., 0. ]
frame9: [ 0., 0., 0., 0., 0., 0., 0., 0., 1.2011718750000000e-01,
    2.5097656250000000e-01, 0., 0., 5.3710937500000000e-02,
    2.1191406250000000e-01, 4.5214843750000000e-01,
    1.6503906250000000e-01, 4.1015625000000000e-02,
    3.2226562500000000e-02, 0., 9.6679687500000000e-02,
    8.3007812500000000e-02, 1.3183593750000000e-01,
    4.1015625000000000e-02, 1.2792968750000000e-01, 0., 0., 0., 0., 0.,
    0., 0., 0., 0., 0., 0., 0. ]
frame10: [ 0., 0., 0., 1.8554687500000000e-02, 0., 0., 0., 0.,
    1.4746093750000000e-01, 3.6718750000000000e-01, 0., 0.,
    8.8867187500000000e-02, 2.6171875000000000e-01,
    3.9160156250000000e-01, 1.5429687500000000e-01,
    6.5429687500000000e-02, 3.9062500000000000e-02, 0.,
    9.3750000000000000e-02, 6.3476562500000000e-02,
    2.2167968750000000e-01, 5.7617187500000000e-02,
    1.0937500000000000e-01, 0., 0., 0., 0., 0., 0., 0., 0., 0., 0., 0.,
    8.7890625000000000e-03 ]
frame11: [ 0., 0., 0., 9.7656250000000000e-02, 0.,
    2.9296875000000000e-02, 0., 0., 1.8066406250000000e-01,
    3.5839843750000000e-01, 0., 0., 1.0644531250000000e-01,
    3.5937500000000000e-01, 5.6152343750000000e-01,
    2.0605468750000000e-01, 5.1757812500000000e-02,
    5.5664062500000000e-02, 0., 1.1035156250000000e-01,
    1.2988281250000000e-01, 2.5195312500000000e-01,
    1.4648437500000000e-01, 1.3183593750000000e-01, 0., 0., 0., 0., 0.,
    0., 0., 0., 0., 0., 0., 8.7890625000000000e-03 ]
frame12: [ 0., 0., 0., 1.1328125000000000e-01, 0.,
    2.0507812500000000e-02, 0., 0., 2.3632812500000000e-01,
    3.2812500000000000e-01, 0., 1.4648437500000000e-02,
    1.2500000000000000e-01, 3.8769531250000000e-01,
    5.6054687500000000e-01, 1.9921875000000000e-01,
    7.8125000000000000e-02, 4.1992187500000000e-02, 0.,
    1.1035156250000000e-01, 1.8554687500000000e-01,
    2.9003906250000000e-01, 1.3183593750000000e-01,
    1.6210937500000000e-01, 0., 0., 0., 0., 0., 0., 0., 0., 0., 0., 0.,
    2.0507812500000000e-02 ]
frame13: [ 0., 0., 1.0742187500000000e-02, 3.5156250000000000e-02, 0.,
    5.5664062500000000e-02, 0., 0., 3.2910156250000000e-01,
    2.2656250000000000e-01, 0., 2.6367187500000000e-02,
    1.2988281250000000e-01, 3.9648437500000000e-01,
    4.7070312500000000e-01, 1.4648437500000000e-01,
    6.6406250000000000e-02, 9.3750000000000000e-02, 0.,
    1.0937500000000000e-01, 1.7187500000000000e-01,
    2.8417968750000000e-01, 1.8945312500000000e-01,
    2.0410156250000000e-01, 0., 0., 0., 0., 0., 2.9296875000000000e-03,
    0., 0., 0., 0., 0., 4.1015625000000000e-02 ]
frame14: [ 0., 0., 2.3437500000000000e-02, 0., 0.,
    8.7890625000000000e-03, 0., 0., 4.4433593750000000e-01,
    6.8359375000000000e-03, 0., 0., 1.3867187500000000e-01,
    4.0136718750000000e-01, 3.6523437500000000e-01,
    1.0937500000000000e-01, 4.3945312500000000e-02,
    3.5156250000000000e-02, 0., 1.1523437500000000e-01,
    2.1093750000000000e-01, 2.2656250000000000e-01,
    1.5234375000000000e-01, 1.3085937500000000e-01, 0., 0., 0., 0., 0.,
    2.9296875000000000e-03, 0., 0., 0., 0., 0., 2.3437500000000000e-02 ]
frame15: [ 0., 0., 0., 0., 0., 0., 0., 3.3203125000000000e-02,
    2.5097656250000000e-01, 0., 0., 0., 1.2207031250000000e-01,
    5.0488281250000000e-01, 4.4531250000000000e-01,
    1.3476562500000000e-01, 5.2734375000000000e-02,
    1.7578125000000000e-02, 0., 1.0449218750000000e-01,
    2.3730468750000000e-01, 2.1093750000000000e-01,
    1.2597656250000000e-01, 6.1523437500000000e-02, 0., 0., 0., 0., 0.,
    0., 0., 0., 0., 0., 0., 0. ]
frame16: [ 0., 0., 0., 0., 0., 0., 0., 0., 0., 0., 0., 0.,
    1.6015625000000000e-01, 6.2207031250000000e-01,
    2.2656250000000000e-01, 1.7675781250000000e-01,
    9.6679687500000000e-02, 3.8085937500000000e-02, 0.,
    1.0644531250000000e-01, 2.3925781250000000e-01,
    1.9042968750000000e-01, 7.9101562500000000e-02,
    6.9335937500000000e-02, 0., 0., 0., 0., 0., 0., 0., 0., 0., 0., 0.,
    0. ]
frame17: [ 0., 0., 0., 0., 0., 0., 0., 0., 0., 0., 0., 0.,
    1.5527343750000000e-01, 5.7031250000000000e-01,
    3.0078125000000000e-01, 2.0605468750000000e-01,
    1.0449218750000000e-01, 3.5156250000000000e-02, 0.,
    1.0058593750000000e-01, 2.5390625000000000e-01,
    2.0410156250000000e-01, 1.3574218750000000e-01,
    8.0078125000000000e-02, 0., 0., 0., 0., 0., 0., 0., 0., 0., 0., 0.,
    0. ]
frame18: [ 0., 0., 0., 0., 0., 0., 0., 0., 0., 0., 0., 0.,
    1.7675781250000000e-01, 5.7031250000000000e-01,
    2.8613281250000000e-01, 2.1386718750000000e-01,
    1.0546875000000000e-01, 7.1289062500000000e-02,
    3.6132812500000000e-02, 1.1523437500000000e-01,
    2.2363281250000000e-01, 2.0507812500000000e-01,
    1.7089843750000000e-01, 8.8867187500000000e-02, 0., 0., 0., 0., 0.,
    0., 0., 0., 0., 0., 0., 0. ]
frame19: [ 0., 0., 0., 0., 0., 0., 0., 0., 0., 0., 0., 0.,
    1.1914062500000000e-01, 4.2871093750000000e-01,
    2.2656250000000000e-01, 2.0312500000000000e-01,
    1.2890625000000000e-01, 7.3242187500000000e-02,
    1.8359375000000000e-01, 1.5820312500000000e-01,
    1.9433593750000000e-01, 1.7578125000000000e-01,
    2.1972656250000000e-01, 1.2402343750000000e-01, 0., 0., 0., 0., 0.,
    0., 0., 0., 0., 0., 0., 0. ]
