%YAML:1.0
Project - Action Detection using HMM: codeBook
code0: [ 0., 0., 0., 0., 0., 0., 0., 0., 0., 0., 0., 0., 0.,
    1.1181640625000000e-01, 4.5166015625000000e-01,
    4.2578125000000000e-01, 3.3935546875000000e-01,
    2.1777343750000000e-01, 0., 1.7578125000000000e-02,
    2.4902343750000000e-02, 1.5234375000000000e-01,
    1.1425781250000000e-01, 1.6015625000000000e-01, 0., 0., 0., 0., 0.,
    0., 0., 0., 0., 0., 0., 0. ]
code1: [ 0., 0., 0., 0., 0., 5.8593750000000000e-03, 0., 0., 0., 0., 0.,
    0., 7.7636718750000000e-02, 1.9287109375000000e-01,
    1.5185546875000000e-01, 1.7968750000000000e-01,
    1.5625000000000000e-02, 7.5195312500000000e-02, 0.,
    3.7109375000000000e-02, 2.2412109375000000e-01,
    3.1103515625000000e-01, 1.3281250000000000e-01,
    1.7968750000000000e-01, 0., 0., 0., 0., 0., 4.3945312500000000e-03,
    0., 0., 0., 0., 0., 0. ]
code2: [ 0., 0., 0., 0., 0., 0., 0., 0., 0., 0., 0., 0., 0.,
    2.1484375000000000e-01, 3.8818359375000000e-01,
    2.9980468750000000e-01, 2.7783203125000000e-01,
    1.3427734375000000e-01, 0., 1.2548828125000000e-01,
    1.9775390625000000e-01, 2.2216796875000000e-01,
    1.9091796875000000e-01, 1.5283203125000000e-01, 0., 0., 0., 0., 0.,
    0., 0., 0., 0., 0., 0., 0. ]
code3: [ 0., 0., 0., 0., 0., 0., 0., 0., 0., 0., 0., 0., 0., 0., 0., 0.,
    0., 0., 0., 0., 0., 0., 0., 0., 0., 0., 0., 0., 0., 0., 0., 0., 0.,
    0., 0., 0. ]
code4: [ 0., 0., 0., 0., 0., 0., 0., 0., 0., 0., 0., 0.,
    7.5195312500000000e-02, 3.4960937500000000e-01,
    6.0449218750000000e-01, 5.2441406250000000e-01,
    5.1562500000000000e-01, 4.3164062500000000e-01, 0.,
    5.0781250000000000e-02, 2.4804687500000000e-01,
    3.0566406250000000e-01, 1.7675781250000000e-01,
    1.4257812500000000e-01, 0., 0., 0., 0., 0., 0., 0., 0., 0., 0., 0.,
    0. ]
code5: [ 0., 0., 0., 0., 0., 0., 0., 0., 0., 0., 0., 0.,
    2.6041667442768812e-03, 2.3307292163372040e-01,
    3.4733074903488159e-01, 2.9003906250000000e-01,
    2.8938803076744080e-01, 2.0117187500000000e-01, 0.,
    1.7903646454215050e-02, 7.1614584885537624e-03,
    6.1848960816860199e-02, 1.5266928076744080e-01,
    7.6497398316860199e-02, 0., 0., 0., 0., 0., 0., 0., 0., 0., 0., 0.,
    0. ]
code6: [ 0., 0., 0., 0., 0., 0., 0., 0., 0., 0., 0., 0., 0.,
    2.2949218750000000e-01, 3.5400390625000000e-01,
    2.6660156250000000e-01, 1.3183593750000000e-01,
    8.0078125000000000e-02, 0., 1.4794921875000000e-01,
    1.7529296875000000e-01, 1.6699218750000000e-01,
    8.8378906250000000e-02, 3.7597656250000000e-02, 0., 0., 0., 0., 0.,
    0., 0., 0., 0., 0., 0., 0. ]
code7: [ 0., 0., 0., 0., 0., 0., 0., 0., 0., 0., 1.7578125000000000e-02,
    0., 0., 3.4375000000000000e-01, 6.0839843750000000e-01,
    5.1855468750000000e-01, 3.5253906250000000e-01,
    2.0800781250000000e-01, 0., 0., 1.0937500000000000e-01,
    2.0898437500000000e-01, 1.2207031250000000e-01,
    1.6113281250000000e-01, 0., 0., 0., 0., 0., 0., 0., 0., 0., 0., 0.,
    0. ]
code8: [ 0., 0., 0., 0., 0., 0., 0., 0., 0., 0., 0., 0., 0.,
    3.0078125000000000e-01, 4.2057293653488159e-01,
    3.8541668653488159e-01, 2.6399740576744080e-01,
    1.3444010913372040e-01, 0., 4.3945312500000000e-02,
    2.6790365576744080e-01, 3.8899740576744080e-01,
    2.2363281250000000e-01, 2.6529949903488159e-01, 0., 0., 0., 0., 0.,
    0., 0., 0., 0., 0., 0., 0. ]
code9: [ 0., 0., 0., 0., 0., 0., 0., 0., 0., 0., 0., 0., 0., 0., 0., 0.,
    0., 0., 0., 0., 0., 0., 0., 0., 0., 0., 0., 0., 0., 0., 0., 0., 0.,
    0., 0., 0. ]
code10: [ 0., 0., 0., 0., 0., 0., 0., 2.0507812500000000e-02, 0.,
    7.5195312500000000e-02, 0., 0., 6.6894531250000000e-02,
    3.1982421875000000e-01, 4.5263671875000000e-01,
    5.3857421875000000e-01, 2.2802734375000000e-01,
    3.1640625000000000e-01, 0., 0., 7.8125000000000000e-02,
    2.2021484375000000e-01, 2.7343750000000000e-02,
    3.0761718750000000e-02, 0., 0., 0., 0., 0., 0., 0., 0., 0., 0., 0.,
    0. ]
code11: [ 0., 0., 0., 0., 0., 8.7890625000000000e-03, 0., 0.,
    1.8554687500000000e-02, 2.0833333954215050e-02,
    9.7656250000000000e-04, 9.7656250000000000e-03,
    7.5195312500000000e-02, 3.6490887403488159e-01,
    4.3229168653488159e-01, 1.7643229663372040e-01,
    1.8196615576744080e-01, 2.9947918653488159e-01, 0., 0.,
    1.7838542163372040e-01, 3.2682293653488159e-01,
    1.3736979663372040e-01, 1.0188802331686020e-01, 0., 0., 0., 0., 0.,
    2.8320312500000000e-02, 0., 0., 0., 0., 0., 1.9531250000000000e-02 ]
code12: [ 0., 0., 0., 0., 0., 0., 1.4160156250000000e-02,
    2.9785156250000000e-02, 2.2949218750000000e-02,
    4.7314453125000000e-01, 2.2802734375000000e-01,
    3.2226562500000000e-02, 5.2734375000000000e-02,
    4.5556640625000000e-01, 6.6113281250000000e-01,
    3.2128906250000000e-01, 6.0498046875000000e-01,
    4.2285156250000000e-01, 5.4687500000000000e-02,
    7.5195312500000000e-02, 8.1054687500000000e-02,
    2.2949218750000000e-01, 6.7382812500000000e-02,
    2.4414062500000000e-02, 0., 0., 0., 0., 0., 0., 0., 0., 0., 0., 0.,
    4.3945312500000000e-03 ]
code13: [ 0., 0., 0., 0., 0., 0., 1.9531250000000000e-02,
    5.2246093750000000e-02, 1.9042968750000000e-02, 0., 0., 0.,
    4.1503906250000000e-02, 3.1298828125000000e-01,
    2.0556640625000000e-01, 1.5966796875000000e-01,
    1.2158203125000000e-01, 1.4111328125000000e-01,
    2.4658203125000000e-01, 1.6210937500000000e-01, 0., 0.,
    3.4179687500000000e-03, 0., 2.4414062500000000e-02, 0., 0., 0., 0.,
    0., 0., 0., 0., 0., 0., 0. ]
code14: [ 0., 0., 4.3945312500000000e-03, 0., 0., 1.0253906250000000e-02,
    0., 1.6601562500000000e-02, 1.2207031250000000e-02,
    1.3330078125000000e-01, 3.1933593750000000e-01,
    6.5917968750000000e-02, 6.0058593750000000e-02,
    4.7949218750000000e-01, 6.2988281250000000e-01,
    4.9072265625000000e-01, 4.3750000000000000e-01,
    4.1210937500000000e-01, 0., 1.4648437500000000e-03,
    8.5449218750000000e-02, 2.1826171875000000e-01,
    8.3496093750000000e-02, 9.2773437500000000e-02, 0., 0., 0., 0., 0.,
    1.7578125000000000e-02, 0., 0., 0., 0., 4.3945312500000000e-03,
    2.1972656250000000e-02 ]
code15: [ 0., 0., 0., 1.4648437500000000e-03, 0., 0.,
    1.0742187500000000e-02, 1.1279296875000000e-01,
    5.0781250000000000e-02, 2.7832031250000000e-02, 0., 0.,
    1.7089843750000000e-02, 4.4921875000000000e-01,
    7.7587890625000000e-01, 5.8056640625000000e-01,
    3.3007812500000000e-01, 2.7099609375000000e-01,
    1.5771484375000000e-01, 2.3632812500000000e-01,
    1.4648437500000000e-03, 6.3964843750000000e-02,
    1.9042968750000000e-02, 2.9296875000000000e-03, 0., 0., 0., 0., 0.,
    0., 0., 0., 0., 0., 0., 0. ]
code16: [ 0., 0., 0., 0., 0., 1.4648437500000000e-02, 0.,
    3.9062500000000000e-03, 0., 0., 4.8828125000000000e-03, 0.,
    3.4179687500000000e-03, 3.0566406250000000e-01,
    4.1552734375000000e-01, 3.5742187500000000e-01,
    2.7294921875000000e-01, 8.4960937500000000e-02, 0., 0.,
    1.1181640625000000e-01, 3.6816406250000000e-01,
    3.0859375000000000e-01, 1.9580078125000000e-01, 0., 0., 0., 0., 0.,
    5.8593750000000000e-03, 0., 0., 0., 0., 0., 7.3242187500000000e-03 ]
code17: [ 0., 0., 0., 0., 0., 0., 2.4414062500000000e-02,
    6.2500000000000000e-02, 3.3203125000000000e-02, 0., 0., 0.,
    3.0273437500000000e-02, 3.9160156250000000e-01,
    3.6621093750000000e-01, 3.7402343750000000e-01,
    2.2558593750000000e-01, 1.5039062500000000e-01,
    2.6269531250000000e-01, 2.0507812500000000e-01,
    9.7656250000000000e-04, 9.7656250000000000e-03,
    5.8593750000000000e-03, 0., 0., 0., 0., 0., 0., 0., 0., 0., 0., 0.,
    0., 0. ]
