%YAML:1.0
Mesh_Vector: "Project: Action Detection"
frame1: [ 0., 0., 0., 0., 0., 0., 0., 0., 0., 0., 0., 0., 0., 0., 0., 0.,
    0., 0., 0., 0., 0., 0., 0., 0., 0., 0., 0., 0., 0., 0., 0., 0., 0.,
    0., 0., 0. ]
frame2: [ 0., 0., 0., 0., 0., 0., 0., 0., 0., 0., 0., 0., 0., 0., 0., 0.,
    0., 0., 0., 0., 0., 0., 0., 0., 0., 0., 0., 0., 0., 0., 0., 0., 0.,
    0., 0., 0. ]
frame3: [ 0., 0., 0., 0., 0., 0., 0., 0., 0., 0., 0., 0., 0., 0., 0., 0.,
    0., 0., 0., 0., 0., 0., 0., 0., 0., 0., 0., 0., 0., 0., 0., 0., 0.,
    0., 0., 0. ]
frame4: [ 0., 0., 0., 0., 0., 0., 0., 0., 0., 0., 0., 0., 0., 0., 0., 0.,
    0., 0., 0., 0., 0., 0., 0., 0., 0., 0., 0., 0., 0., 0., 0., 0., 0.,
    0., 0., 0. ]
frame5: [ 0., 0., 0., 0., 0., 0., 0., 0., 0., 0., 0., 0., 0.,
    6.4453125000000000e-02, 2.0019531250000000e-01,
    1.4843750000000000e-01, 8.1054687500000000e-02,
    2.9296875000000000e-02, 0., 0., 2.9296875000000000e-02,
    1.1718750000000000e-02, 8.7890625000000000e-03,
    8.7890625000000000e-03, 0., 0., 0., 0., 0., 0., 0., 0., 0., 0., 0.,
    0. ]
frame6: [ 0., 0., 0., 0., 0., 0., 0., 8.4960937500000000e-02, 0., 0., 0.,
    0., 2.3437500000000000e-02, 4.1015625000000000e-01,
    4.8828125000000000e-01, 3.2031250000000000e-01,
    2.6269531250000000e-01, 2.6269531250000000e-01, 0., 0.,
    1.8359375000000000e-01, 2.4414062500000000e-01,
    3.4179687500000000e-02, 3.4179687500000000e-02, 0., 0., 0., 0., 0.,
    0., 0., 0., 0., 0., 0., 0. ]
frame7: [ 0., 0., 0., 0., 0., 0., 0., 5.7617187500000000e-02, 0., 0., 0.,
    0., 7.6171875000000000e-02, 3.6230468750000000e-01,
    4.8144531250000000e-01, 4.2285156250000000e-01,
    2.4218750000000000e-01, 2.7246093750000000e-01, 0., 0.,
    1.5722656250000000e-01, 2.1875000000000000e-01,
    3.2226562500000000e-02, 3.2226562500000000e-02, 0., 0., 0., 0., 0.,
    0., 0., 0., 0., 0., 0., 0. ]
frame8: [ 0., 0., 0., 0., 0., 0., 0., 4.1015625000000000e-02, 0., 0., 0.,
    0., 7.9101562500000000e-02, 3.7597656250000000e-01,
    4.7558593750000000e-01, 5.1464843750000000e-01,
    2.2851562500000000e-01, 2.5488281250000000e-01, 0., 0.,
    1.2109375000000000e-01, 2.4121093750000000e-01,
    1.8554687500000000e-02, 3.3203125000000000e-02, 0., 0., 0., 0., 0.,
    0., 0., 0., 0., 0., 0., 0. ]
frame9: [ 0., 0., 0., 0., 0., 0., 0., 5.7617187500000000e-02,
    3.4179687500000000e-02, 2.0507812500000000e-02, 0., 0.,
    6.9335937500000000e-02, 2.9980468750000000e-01,
    4.6289062500000000e-01, 4.9023437500000000e-01,
    1.8945312500000000e-01, 2.4023437500000000e-01, 0., 0.,
    7.8125000000000000e-02, 2.3535156250000000e-01,
    2.3437500000000000e-02, 1.8554687500000000e-02, 0., 0., 0., 0., 0.,
    0., 0., 0., 0., 0., 0., 0. ]
frame10: [ 0., 0., 0., 0., 0., 0., 0., 1.9531250000000000e-02,
    1.0253906250000000e-01, 9.2773437500000000e-02, 0., 0.,
    6.2500000000000000e-02, 2.2656250000000000e-01,
    3.3984375000000000e-01, 4.2675781250000000e-01,
    1.8261718750000000e-01, 2.3046875000000000e-01, 0., 0.,
    5.0781250000000000e-02, 2.2070312500000000e-01,
    3.7109375000000000e-02, 3.9062500000000000e-03, 0., 0., 0., 0., 0.,
    0., 0., 0., 0., 0., 0., 0. ]
frame11: [ 0., 0., 0., 0., 0., 0., 0., 0., 0., 1.1621093750000000e-01,
    8.7890625000000000e-03, 0., 6.5429687500000000e-02,
    2.4804687500000000e-01, 4.7167968750000000e-01,
    5.8496093750000000e-01, 2.5097656250000000e-01,
    3.5156250000000000e-01, 0., 0., 5.9570312500000000e-02,
    2.3144531250000000e-01, 6.3476562500000000e-02,
    1.0742187500000000e-02, 0., 0., 0., 0., 0., 0., 0., 0., 0., 0., 0.,
    0. ]
frame12: [ 0., 0., 0., 0., 0., 0., 0., 0., 0., 1.5039062500000000e-01,
    0., 0., 5.4687500000000000e-02, 2.6367187500000000e-01,
    4.2968750000000000e-01, 5.6250000000000000e-01,
    2.2753906250000000e-01, 3.7792968750000000e-01, 0., 0.,
    3.5156250000000000e-02, 1.9921875000000000e-01,
    3.6132812500000000e-02, 2.8320312500000000e-02, 0., 0., 0., 0., 0.,
    0., 0., 0., 0., 0., 0., 0. ]
frame13: [ 0., 0., 0., 0., 0., 0., 0., 0., 9.7656250000000000e-04,
    3.0175781250000000e-01, 2.0703125000000000e-01, 0.,
    3.5156250000000000e-02, 2.5976562500000000e-01,
    4.4726562500000000e-01, 5.7714843750000000e-01,
    3.5937500000000000e-01, 3.9550781250000000e-01, 0., 0.,
    2.8320312500000000e-02, 1.8164062500000000e-01,
    5.5664062500000000e-02, 3.5156250000000000e-02, 0., 0., 0., 0., 0.,
    0., 0., 0., 0., 0., 0., 0. ]
frame14: [ 0., 0., 0., 0., 3.3203125000000000e-02,
    1.3671875000000000e-01, 0., 0., 3.9062500000000000e-03,
    2.0898437500000000e-01, 3.5546875000000000e-01,
    9.2773437500000000e-02, 2.9296875000000000e-02,
    2.3925781250000000e-01, 5.3515625000000000e-01,
    5.7519531250000000e-01, 3.3300781250000000e-01,
    3.9550781250000000e-01, 0., 0., 2.2460937500000000e-02,
    1.4941406250000000e-01, 6.4453125000000000e-02,
    1.0351562500000000e-01, 0., 0., 0., 0., 0., 4.1015625000000000e-02,
    0., 0., 0., 0., 8.7890625000000000e-03, 4.6875000000000000e-02 ]
frame15: [ 0., 0., 0., 0., 9.7656250000000000e-03,
    1.2500000000000000e-01, 0., 0., 0., 1.6015625000000000e-01,
    4.1308593750000000e-01, 1.5527343750000000e-01,
    4.4921875000000000e-02, 3.5937500000000000e-01,
    6.1328125000000000e-01, 4.9218750000000000e-01,
    2.9003906250000000e-01, 4.0234375000000000e-01, 0., 0.,
    2.6367187500000000e-02, 1.2500000000000000e-01,
    4.1015625000000000e-02, 1.0156250000000000e-01, 0., 0., 0., 0., 0.,
    4.3945312500000000e-02, 0., 0., 0., 0., 8.7890625000000000e-03,
    5.8593750000000000e-02 ]
frame16: [ 0., 0., 8.7890625000000000e-03, 0., 0.,
    2.0507812500000000e-02, 0., 1.2695312500000000e-02, 0.,
    1.3378906250000000e-01, 4.0039062500000000e-01,
    3.8085937500000000e-02, 4.6875000000000000e-02,
    5.0878906250000000e-01, 6.8457031250000000e-01,
    5.0976562500000000e-01, 3.3691406250000000e-01,
    4.0136718750000000e-01, 0., 0., 1.4648437500000000e-02,
    1.1425781250000000e-01, 4.0039062500000000e-02,
    8.3007812500000000e-02, 0., 0., 0., 0., 0., 3.5156250000000000e-02,
    0., 0., 0., 0., 8.7890625000000000e-03, 4.3945312500000000e-02 ]
frame17: [ 0., 0., 0., 0., 0., 0., 2.9296875000000000e-03,
    4.4921875000000000e-02, 2.7343750000000000e-02,
    1.4648437500000000e-02, 4.4921875000000000e-02, 0.,
    5.2734375000000000e-02, 5.9863281250000000e-01,
    7.6367187500000000e-01, 5.0488281250000000e-01,
    4.1503906250000000e-01, 3.9257812500000000e-01, 0., 0.,
    2.3437500000000000e-02, 1.2890625000000000e-01,
    4.8828125000000000e-02, 1.1718750000000000e-02, 0., 0., 0., 0., 0.,
    0., 0., 0., 0., 0., 0., 0. ]
frame18: [ 0., 0., 0., 0., 0., 0., 5.8593750000000000e-03,
    9.1796875000000000e-02, 4.2968750000000000e-02,
    2.6367187500000000e-02, 2.0507812500000000e-02, 0.,
    4.2968750000000000e-02, 5.9863281250000000e-01,
    8.2226562500000000e-01, 4.7070312500000000e-01,
    4.3359375000000000e-01, 3.4765625000000000e-01, 0., 0.,
    1.5625000000000000e-02, 1.2304687500000000e-01,
    4.1015625000000000e-02, 6.8359375000000000e-03, 0., 0., 0., 0., 0.,
    0., 0., 0., 0., 0., 0., 0. ]
frame19: [ 0., 0., 0., 0., 0., 0., 8.7890625000000000e-03,
    1.2695312500000000e-01, 5.4687500000000000e-02,
    3.8085937500000000e-02, 0., 0., 3.2226562500000000e-02,
    6.1816406250000000e-01, 7.8417968750000000e-01,
    5.3320312500000000e-01, 4.0820312500000000e-01,
    3.1054687500000000e-01, 0., 6.1523437500000000e-02,
    4.8828125000000000e-03, 1.1132812500000000e-01,
    3.8085937500000000e-02, 6.8359375000000000e-03, 0., 0., 0., 0., 0.,
    0., 0., 0., 0., 0., 0., 0. ]
